011000000001100001001101000000000011
000000000000000000000001100110001010
000000000000000000010100100000000100
000000000000000000010000100000000100
001100000001100000110000000000000000
000100000001100111001000000000000000
001100000001100000000000000000000000
011000000001100111000000000000000000
011100000001100010000000000000000000
100100000001011000110100100000000000
000000000000000000000000101000001110
000000000000000000000000101100011001
000000000000000000000000111000111000
000000000000000000000000111001011010
011000000001100010001100100000010011
001000000001010100000000101100010100
001000000001100010000000100000010011
011000000001100010001100000000000000
001010000011100010000000000000000000
100100000001010100000000101100010100
000000000000000000000000100000000010
000000100010100100000000110000011110
000000100010100010000000110000011110
000001010010100010001100000000000000
100100100011100010000000110000011110
000000000000000000000000100000000010
000000100010100100000000110100100101
000000100010100010000000110000011110
000001010010100010001100000000000000
100100100011100010000000110100100101
010000000001100100000000101100110100
010010000011100100011000101100110100
010110000011100100011100101100110100
010110000011000000011100111100000000
010010000101100100100000101100110100
010010000110100100100000101100110100
010010000111100100100000101100110100
000010110010100100100000101100110100
000010010010100100100000101100110100
101110000011100100011100101100110100
110010000011100100011000101100110100
000010001000100100011000101100110100
000010001001100100011000101100110100
000010001010100100100000101100110100
000010001011100100100000101100110100
000010001100100100100000101100110100
000010001101100100100000101100110100
000010001110100100100000101100110100
001100000001100011001000111100000000
100000000001010100000000000000000000
001100000001100010000000000000000000
010000000001100000000100101100110100
000000000000000000000000100000000010
100100000001001100000000111100000000
000000000000000011000000111100000000
000000000000000011000000111100000000
000000000000000000000010101101010100
000000000000000000000000111100000000
000000000000000000000010101111010100
000000000000000000000000111100000000
000000000000000000000011001101010100
000000000000000000000000111100000000
000000000000000000000011001111010100
000000000000000000000000111100000000
000000000000000000000010001101010100
000000000000000000000000111100000000
000000000000000000000010001111010100
000000000000000000000000111100000000
000000000000000000000011101101010100
000000000000000000000000111100000000
000000000000000000000011101111010100
000000000000000000000000111100000000
000000000000000000000000101101010100
000000000000000000000000000000000000
000000000000000000000000101101001011
011000000001100010001100100001010000
000000000000000000000000100000000010
000000100010010100000000100001010001
011000000001100010001100000000000000
100100100011010100000000100001010001
100101010011010100000000000000000000
001100000001100000001000000000000000
011000000001100111000000000000000000
010000000001011000000000111100000000
011000000001100010001100100001011001
000000000000000000000000100000000010
000000100010011000000000111100000000
011000000001100010001100000000000000
100100100011011000000000111100000000
100101010011011000000000111100000000
000110100101000100000000111100000000
000000000000000000000000000000000000
000110100110000100000000111100000000
000000000000000000000000000000000000
000000000000000000000000111100000000
000000000000000000000000000000000000
000000000000000000101100000000000000
000000000000000000000000000000000000
000000000000000000100100111100000000
000000000000000000000000000000000000
000000000000000000101000100000000000
000000000000000000000000000000000000
001100000001100000001000000000000000
011000000001100111000000111100000000
001100000001100010000000000000000000
100100000001011000000100111100000000
001100000001100000001000000000000000
000100000001100111000000111100000000
001100000001100010000000000000000000
100100000001000100000100111100000000
001100000001100010000000000000000000
100100000001011000000100111100000000
001100000001100010000000000000000000
100100000001011000000100000000000000
001100000001100010000000000000000000
100100000001000100000100111100000000
